PGOHUM00000258499	1	195
PGOHUM00000242310	1	2144
PGOHUM00000242685	7	228,177,72,87,123,114,126
PGOHUM00000242790	4	168,195,141,243
PGOHUM00000257938	1	147
PGOHUM00000261128	1	1557
PGOHUM00000258652	1	3210
PGOHUM00000239824	1	327
PGOHUM00000239863	1	1188
PGOHUM00000248403	1	366
PGOHUM00000257956	1	368
PGOHUM00000248578	1	2773
PGOHUM00000262060	2	152,177
PGOHUM00000251182	1	1485
PGOHUM00000262248	1	176
PGOHUM00000247282	1	1439
PGOHUM00000248884	1	327
PGOHUM00000259104	1	447
PGOHUM00000249020	8	114,177,198,162,144,168,99,219
PGOHUM00000249122	1	1831
PGOHUM00000263407	1	150
PGOHUM00000259202	1	1155
PGOHUM00000262363	1	1324
PGOHUM00000259265	3	90,261,207
PGOHUM00000263659	5	147,201,123,120,153
PGOHUM00000234390	1	372
PGOHUM00000234616	1	1048
PGOHUM00000234683	1	1094
PGOHUM00000250611	1	940
PGOHUM00000243918	3	234,480,197
PGOHUM00000243970	1	670
PGOHUM00000262417	7	114,132,225,261,180,144,145
PGOHUM00000244668	1	469
PGOHUM00000244681	2	161,117
PGOHUM00000245012	4	99,183,216,225
PGOHUM00000239187	3	242,165,210
PGOHUM00000246201	4	192,921,198,217
PGOHUM00000246551	2	186,165
PGOHUM00000240411	1	292
PGOHUM00000263790	1	1779
PGOHUM00000258139	1	269
PGOHUM00000240814	1	894
PGOHUM00000240829	1	870
PGOHUM00000241096	1	2260
PGOHUM00000237647	1	1544
PGOHUM00000237858	1	879
PGOHUM00000237903	1	1505
PGOHUM00000258171	2	186,1581
PGOHUM00000245734	1	282
PGOHUM00000235345	1	1678
PGOHUM00000235697	2	1427,468
PGOHUM00000235750	1	1509
PGOHUM00000235804	1	786
PGOHUM00000235854	1	963
PGOHUM00000260124	13	102,177,162,95,156,147,129,147,132,60,132,336,216
PGOHUM00000243245	1	1181
PGOHUM00000243367	1	1159
PGOHUM00000243705	1	434
PGOHUM00000232681	1	1155
PGOHUM00000232869	1	225
PGOHUM00000250900	1	162
PGOHUM00000233072	1	246
PGOHUM00000233092	2	758,84
PGOHUM00000249417	1	171
PGOHUM00000249719	1	120
PGOHUM00000249786	1	876
PGOHUM00000235971	3	557,198,165
PGOHUM00000236205	1	798
PGOHUM00000236242	1	750
PGOHUM00000263229	1	1771
PGOHUM00000263241	1	775
PGOHUM00000260533	2	107,5996
PGOHUM00000236751	1	726
PGOHUM00000241264	4	314,1272,581,164
PGOHUM00000241403	2	864,90
PGOHUM00000241413	1	2650
PGOHUM00000250070	1	141
PGOHUM00000241910	1	698
